 NML=           0           8
 NML=           0          75
        1961
 NML=           0          61
 NML=           0          62
 NML=           0          41
        1961
 NML=           0          84
        1961
        1961
        1961
        1961
 NML=           0          72
        1961
 NML=           0          64
 NML=           0          79
 NML=           0          91
        1961
 NML=           0          56
        1961
        1961
        1961
 NML=           0          68
        1961
 NML=           0          63
 NML=           0          67
 NML=           0          64
        1961
        1961
        1961
 NML=           0          78
 NML=           0          65
        1961
        1961
 NML=           0          68
 NML=           0          90
 NML=           0          70
        1961
 NML=           0          66
 NML=           0          74
 NML=           0          68
        1961
        1961
 NML=           0          67
        1961
 NML=           0          55
 NML=           0          76
 NML=           0          72
        1961
        1961
 NML=           0          75
 NML=           0          88
        1961
        1961
        1961
        1961
        1961
        1961
 NML=           0          53
 NML=           0          65
 NML=           0          56
        1961
 NML=           0          63
        1961
        1961
        1961
 NML=           0          78
        1961
 NML=           0          70
 NML=           0          70
 NML=           0          93
 NML=           0          74
 NML=           0          69
        1961
        1961
 NML=           0          85
 NML=           0          71
 NML=           0          54
        1961
        1961
 NML=           0          55
        1961
        1961
 NML=           0          67
        1961
        1961
        1961
 NML=           0          52
 NML=           0          57
 NML=           0          64
 NML=           0          54
        1961
        1961
        1961
 NML=           0          74
        1961
 NML=           0          70
 NML=           0          63
 NML=           0          65
 NML=           0          70
 NML=           0          68
 NML=           0          70
        1961
 NML=           0          63
        1961
        1961
 NML=           0          64
 NML=           0          61
        1961
 NML=           0          77
        1961
        1961
 NML=           0          62
 NML=           0          56
        1961
 NML=           0          57
 NML=           0          59
 NML=           0          66
        1961
        1961
 NML=           0          52
 NML=           0          71
        1961
        1961
        1961
        1961
        1961
        1961
 NML=           0          69
        1961
        1961
 NML=           0          57
        1961
 NML=           0          62
        1961
 NML=           0          70
        1961
        1961
        1961
 NML=           0          51
 NML=           0          59
 NML=           0          55
 NML=           0          63
 NML=           0          60
        1961
 NML=           0          44
 NML=           0          55
 NML=           0          58
 NML=           0          65
 NML=           0          46
        1961
 NML=           0          63
 NML=           0          56
        1961
        1961
 NML=           0          64
        1961
 NML=           0          52
        1961
        1961
        1961
        1961
        1961
        1961
        1961
 NML=           0          56
        1961
        1961
        1961
        1961
 NML=           0          83
 NML=           0          85
 NML=           0          76
 NML=           0          47
 NML=           0          71
 NML=           0          53
        1961
 NML=           0          83
 NML=           0          72
 NML=           0          61
 NML=           0          77
        1961
        1961
        1961
        1961
        1961
        1961
 NML=           0          71
        1961
        1961
 NML=           0          83
        1961
        1961
        1961
 NML=           0          80
 NML=           0          71
        1961
        1961
        1962
        1962
        1962
        1962
        1962
        1962
        1962
        1962
        1962
        1962
        1962
        1962
        1962
        1962
        1962
        1962
        1962
        1962
        1962
        1962
        1962
        1962
        1962
        1962
        1962
        1962
        1962
        1962
        1962
        1962
        1962
        1962
        1962
        1962
        1962
        1962
        1962
        1962
        1962
        1962
        1962
        1962
        1962
        1962
        1962
        1962
        1962
        1962
        1962
        1962
        1962
        1962
        1962
        1962
        1962
        1962
        1962
        1962
        1962
        1962
        1962
        1962
        1962
        1962
        1962
        1962
        1962
        1962
        1962
        1962
        1962
        1963
        1962
        1962
        1962
        1962
        1962
        1962
        1962
        1962
        1962
        1962
        1962
        1963
        1963
        1963
        1962
        1962
        1962
        1962
        1962
        1962
        1963
        1962
        1963
        1963
        1963
        1963
        1962
        1963
        1963
        1963
        1963
        1963
        1963
        1962
        1963
        1963
        1963
        1962
        1963
        1963
        1963
        1962
        1963
        1963
        1963
        1963
        1963
        1963
        1963
        1963
        1963
        1963
        1963
        1964
        1963
        1963
        1963
        1963
        1963
        1963
        1963
        1963
        1963
        1962
        1963
        1962
        1963
        1963
        1963
        1963
        1963
        1963
        1963
        1963
        1963
        1963
        1962
        1964
        1963
        1963
        1964
        1964
        1963
        1963
        1963
        1962
        1963
        1963
        1963
        1963
        1963
        1963
        1964
        1963
        1964
        1963
        1964
        1964
        1963
        1964
        1963
        1964
        1964
        1963
        1963
        1964
        1964
        1964
        1964
        1963
        1964
        1964
        1965
        1963
        1964
        1962
        1964
        1963
        1963
        1963
        1964
        1963
        1963
        1963
        1963
        1964
        1963
        1964
        1963
        1964
        1964
        1964
        1964
        1964
        1964
        1964
        1963
        1964
        1964
        1965
        1963
        1964
        1964
        1964
        1965
        1965
        1964
        1964
        1964
        1963
        1963
        1964
        1964
        1964
        1964
        1963
        1963
        1963
        1964
        1964
        1964
        1964
        1964
        1964
        1964
        1964
        1964
        1965
        1964
        1963
        1965
        1965
        1964
        1965
        1966
        1963
        1965
        1963
        1964
        1965
        1964
        1965
        1964
        1965
        1965
        1965
        1965
        1964
        1964
        1964
        1964
        1963
        1965
        1965
        1964
        1965
        1965
        1964
        1964
        1963
        1965
        1964
        1965
        1966
        1965
        1963
        1964
        1964
        1965
        1964
 all snow melts during flooding
        1964
        1965
        1966
        1965
        1965
        1966
        1965
        1965
        1965
        1964
        1964
        1962
        1965
        1964
        1965
        1967
        1964
        1965
        1965
        1965
        1964
        1964
        1965
        1966
        1964
        1965
        1966
        1965
        1965
        1964
        1966
        1965
        1965
        1964
        1964
        1964
        1965
        1966
        1964
        1966
        1964
        1963
        1966
        1965
        1965
        1965
        1966
        1965
        1963
        1965
        1966
        1965
        1966
        1965
        1966
        1965
        1965
        1964
        1966
        1965
        1965
        1966
        1963
        1966
        1967
        1964
        1966
        1965
        1966
        1965
        1967
        1966
        1967
        1965
        1966
        1964
        1964
        1966
        1965
        1965
        1968
        1966
        1965
        1965
        1963
        1964
        1965
        1966
        1964
        1966
        1966
        1964
        1966
        1966
        1965
        1966
        1965
        1966
        1965
        1967
        1967
        1964
        1965
        1965
        1967
        1966
        1967
        1965
        1967
        1964
        1964
        1966
        1966
        1965
        1966
        1966
        1967
        1966
        1966
        1966
        1965
        1967
        1966
        1966
        1968
        1965
        1967
        1967
        1966
        1965
        1967
        1967
        1967
        1966
        1964
        1967
        1965
        1968
        1969
        1966
        1968
        1966
        1966
        1967
        1967
        1965
        1966
        1966
        1965
        1966
        1966
        1965
        1963
        1966
        1966
        1964
        1965
        1967
        1965
        1966
        1965
        1967
        1965
        1966
        1965
        1964
        1967
        1965
        1967
        1967
        1967
        1967
        1966
        1968
        1967
        1967
        1968
        1966
        1967
        1968
        1968
        1965
        1966
        1966
        1967
        1968
        1966
        1966
        1966
        1965
        1969
        1968
        1966
        1967
        1970
        1968
        1968
        1967
        1968
        1967
        1967
        1966
        1968
        1969
        1968
        1969
        1966
        1967
        1967
        1965
        1965
        1967
        1966
        1966
        1968
        1967
        1967
        1967
        1968
        1966
        1967
        1968
        1965
        1965
        1968
        1966
        1964
        1965
        1967
        1968
        1967
        1966
        1967
        1967
        1964
        1968
        1967
        1967
        1966
        1966
        1968
        1967
        1967
        1967
        1969
        1968
        1968
        1967
        1969
        1965
        1969
        1967
        1964
        1968
        1969
        1968
        1966
        1970
        1971
        1967
        1965
        1969
        1965
        1968
        1968
        1966
        1968
        1966
        1969
        1966
        1968
        1967
        1970
        1966
        1970
        1969
        1966
        1966
        1969
        1966
        1969
        1966
        1967
        1966
        1969
        1967
        1969
        1967
        1968
        1968
        1967
        1967
        1964
        1968
        1965
        1968
        1969
        1967
        1969
        1967
        1968
        1969
        1968
        1968
        1968
        1968
        1968
        1966
        1969
        1967
        1968
        1965
        1969
        1972
        1967
        1970
        1971
        1969
        1966
        1965
        1969
        1967
        1970
        1967
        1969
        1970
        1968
        1970
        1969
        1968
        1967
        1968
        1968
        1970
        1968
        1968
        1968
        1969
        1968
        1971
        1969
        1970
        1968
        1967
        1971
        1969
        1968
        1966
        1967
        1969
        1968
        1966
        1970
        1969
        1970
        1967
        1970
        1969
        1968
        1963
        1967
        1970
        1970
        1966
        1966
        1968
        1966
        1970
        1969
        1970
        1967
        1973
        1969
        1970
        1969
        1967
        1969
        1968
        1967
        1967
        1968
        1968
        1972
        1964
        1969
        1971
        1968
        1969
        1968
        1967
        1970
        1969
        1970
        1971
        1968
        1969
        1969
        1967
        1969
        1966
        1968
        1971
        1971
        1967
        1970
        1967
        1970
        1967
        1967
        1969
        1970
        1966
        1971
        1966
        1972
        1972
        1970
        1971
        1965
        1968
        1969
        1970
        1969
        1970
        1968
        1965
        1971
        1969
        1969
        1970
        1969
        1969
        1971
        1971
        1970
        1968
        1974
        1969
        1969
        1971
        1971
        1969
        1970
        1968
        1967
        1968
        1969
        1970
        1965
        1969
        1966
        1971
        1971
        1968
        1969
        1967
        1973
        1970
        1971
        1972
        1968
        1972
        1968
        1970
        1970
        1969
        1972
        1968
        1972
        1973
        1970
        1971
        1970
        1966
        1973
        1971
        1971
        1972
        1970
        1967
        1966
        1971
        1970
        1969
        1971
        1967
        1969
        1970
        1970
        1972
        1970
        1969
        1975
        1968
        1971
        1969
        1970
        1969
        1972
        1965
        1968
        1969
        1968
        1969
        1967
        1968
        1971
        1971
        1972
        1972
        1970
        1967
        1967
        1972
 all snow melts during flooding
        1968
        1972
        1971
        1970
        1971
        1968
        1970
        1970
        1974
        1968
        1970
        1968
        1969
        1971
        1968
        1972
        1970
        1968
        1970
        1972
        1971
        1970
        1969
        1973
        1970
        1972
        1970
        1971
        1973
        1974
        1969
        1970
        1974
        1967
        1973
        1969
        1973
        1969
        1976
        1970
        1967
        1973
        1972
        1967
        1971
        1972
        1972
        1973
        1971
        1971
        1968
        1969
        1972
        1972
        1970
        1971
        1971
        1969
        1972
        1973
        1971
        1971
        1971
        1971
        1969
        1973
        1973
        1970
        1968
        1975
        1971
        1970
        1972
        1969
        1973
        1973
        1972
        1970
        1972
        1970
        1970
        1972
        1966
        1970
        1973
        1974
        1971
        1967
        1973
        1970
        1977
        1969
        1975
        1971
        1966
        1972
        1971
        1975
        1974
        1971
        1973
        1972
        1968
        1971
        1969
        1974
        1969
        1968
        1969
        1974
        1971
        1971
        1971
        1972
        1965
        1974
        1971
        1970
        1969
        1971
        1966
        1974
        1970
        1968
        1969
        1973
        1973
        1971
        1967
        1969
        1971
        1969
        1973
        1969
        1972
        1973
        1967
        1970
        1974
        1969
        1973
        1976
        1968
        1968
        1970
        1972
        1972
        1974
        1970
        1974
        1973
        1974
        1972
        1978
        1972
        1972
        1974
        1972
        1972
        1973
        1972
        1971
        1973
        1970
        1976
        1975
        1972
        1976
        1974
        1973
        1974
        1970
        1975
        1973
        1971
        1971
        1969
        1975
        1974
        1964
        1971
        1975
        1968
        1973
        1970
        1972
        1972
        1971
        1975
        1970
        1968
        1973
        1971
        1971
        1968
        1972
        1966
        1971
        1973
        1972
        1972
        1975
        1969
        1977
        1972
        1974
        1972
        1972
        1975
        1974
        1970
        1979
        1972
        1972
        1974
        1974
        1974
        1972
        1975
        1975
        1971
        1970
        1972
        1973
        1970
        1970
        1975
        1975
        1977
        1973
        1971
        1977
        1976
        1974
        1973
        1970
        1974
        1969
        1971
        1976
        1973
        1973
        1973
        1969
        1974
        1975
        1973
        1973
        1975
        1970
        1968
        1971
        1970
        1976
        1973
        1970
        1974
        1970
        1976
        1974
        1973
        1970
        1972
        1971
        1975
        1976
        1969
        1974
        1980
        1978
        1976
        1971
        1973
        1974
        1967
        1972
        1973
        1972
        1974
        1969
        1969
        1972
        1971
        1976
        1967
        1973
        1975
        1975
        1968
        1972
        1973
        1972
        1973
        1972
        1978
        1971
        1968
        1976
        1975
        1972
        1976
        1975
        1978
        1971
        1973
        1975
        1973
        1973
        1976
        1976
        1970
        1977
        1973
        1973
        1973
        1977
        1974
        1975
        1967
        1973
        1975
        1974
        1976
        1977
        1976
        1975
        1972
        1977
        1981
        1971
        1969
        1974
        1974
        1974
        1974
        1977
        1979
        1974
        1975
        1970
        1969
        1969
        1976
        1974
        1975
        1972
        1971
        1971
        1971
        1977
        1974
        1972
        1966
        1974
        1975
        1971
        1972
        1973
        1977
        1975
        1975
        1979
        1974
        1976
        1976
        1971
        1979
        1974
        1971
        1972
        1977
        1970
        1971
        1971
        1978
        1971
        1970
        1973
        1974
        1977
        1976
        1973
        1977
        1977
        1974
        1976
        1976
        1973
        1978
        1974
        1972
        1982
        1973
        1973
        1978
        1972
        1974
        1967
        1974
        1976
        1973
        1974
        1977
        1970
        1973
        1980
        1978
        1969
        1977
        1975
        1974
        1976
        1974
        1978
        1975
        1976
        1974
        1972
        1972
        1977
        1974
        1970
        1978
        1975
        1976
        1970
        1975
        1975
        1976
        1975
        1975
        1976
        1980
        1975
        1971
        1978
        1973
        1980
        1975
        1975
        1983
        1977
        1972
        1976
        1978
        1973
        1976
        1979
        1977
        1975
        1969
        1973
        1979
        1978
        1974
        1978
        1972
        1978
        1969
        1968
        1972
        1977
        1975
        1973
        1972
        1977
        1981
        1971
        1977
        1979
        1975
        1968
        1979
        1972
        1975
        1970
        1978
        1975
        1974
        1978
        1979
        1974
        1977
        1977
        1970
        1973
        1970
        1974
        1972
        1977
        1972
        1976
        1975
        1979
        1975
        1976
        1975
        1978
        1975
        1981
        1972
        1974
        1974
        1972
        1975
        1974
        1973
        1972
        1981
        1974
        1984
        1977
        1976
        1971
        1977
        1975
        1979
        1977
        1976
        1968
        1973
        1976
        1976
        1975
        1971
        1976
        1980
        1976
        1979
        1965
        1978
        1973
        1973
        1980
        1982
        1979
        1977
        1976
        1978
        1976
        1979
        1971
        1979
        1977
        1974
        1980
        1976
        1978
        1980
        1978
        1978
        1980
        1974
        1976
        1979
        1970
        1971
        1972
        1975
        1979
        1974
        1971
        1985
        1982
        1973
        1976
        1978
        1980
        1978
        1982
        1976
        1974
        1979
        1976
        1978
        1973
        1977
        1975
        1977
        1975
        1980
        1973
        1967
        1973
        1976
        1976
        1978
        1976
        1975
        1978
        1976
        1981
        1978
        1977
        1973
        1983
        1976
        1974
        1980
        1972
        1977
        1977
        1975
        1975
        1981
        1975
        1977
        1968
        1976
        1975
        1979
        1977
        1976
        1973
        1980
        1980
        1973
        1974
        1981
        1977
        1970
        1979
        1980
        1973
        1981
        1986
        1978
        1973
        1970
        1971
        1973
        1974
        1977
        1981
        1979
        1979
        1983
        1978
        1971
        1971
        1977
        1979
        1980
        1983
        1980
        1977
        1974
        1981
        1974
        1972
        1969
        1975
        1979
        1979
        1977
        1972
        1980
        1979
        1981
        1977
        1976
        1969
        1975
        1984
        1975
        1982
        1977
        1977
        1979
        1978
        1979
        1982
        1978
        1981
        1975
        1979
        1972
        1987
        1974
        1978
        1977
        1976
        1977
        1977
        1976
        1977
        1978
        1973
        1982
        1980
        1981
        1981
        1978
        1976
        1981
        1978
        1982
        1977
        1980
        1984
        1978
        1972
        1974
        1982
        1976
        1977
        1972
        1974
        1976
        1984
        1974
        1976
        1979
        1978
        1969
        1977
        1980
        1980
        1975
        1976
        1980
        1981
        1971
        1982
        1981
        1979
        1974
        1978
        1978
        1975
        1985
        1981
        1980
        1974
        1980
        1973
        1974
        1982
        1978
        1983
        1988
        1974
        1980
        1975
        1978
        1974
        1983
        1980
        1974
        1982
        1978
        1975
        1980
        1976
        1975
        1979
        1983
        1977
        1980
        1978
        1985
        1979
        1978
        1982
        1982
        1976
        1983
        1982
        1979
        1981
        1976
        1979
        1985
        1972
        1981
        1971
        1983
        1972
        1976
        1978
        1978
        1972
        1979
        1973
        1978
        1978
        1979
        1977
        1973
        1977
        1979
        1983
        1978
        1971
        1982
        1981
        1980
        1977
        1981
        1982
        1986
        1981
        1989
        1975
        1979
        1978
        1978
        1977
        1984
        1980
        1982
        1977
        1983
        1977
        1969
        1974
        1981
        1981
        1979
        1973
        1984
        1977
        1968
        1975
        1979
        1976
        1975
        1981
        1975
        1983
        1981
        1979
        1986
        1984
        1979
        1970
        1976
        1973
        1984
        1986
        1981
        1975
        1983
        1983
        1983
        1981
        1973
        1979
        1980
        1970
        1980
        1984
        1982
        1975
        1982
        1975
        1990
        1979
        1980
        1976
        1987
        1980
        1978
        1974
        1979
        1984
        1975
        1977
        1975
        1976
        1966
        1972
        1983
        1980
        1975
        1977
        1983
        1982
        1976
        1980
        1979
        1982
        1980
        1979
        1979
        1981
        1982
        1979
        1985
        1977
        1984
        1977
        1983
        1979
        1978
        1980
        1978
        1985
        1982
        1982
        1978
        1987
        1979
        1981
        1970
        1979
        1985
        1984
        1978
        1982
        1980
        1987
        1982
        1978
        1978
        1985
        1991
        1980
        1974
        1976
        1984
        1984
        1984
        1973
        1978
        1974
        1982
        1973
        1985
        1980
        1988
        1973
        1982
        1980
        1983
        1983
        1981
        1985
        1977
        1972
        1975
        1980
        1976
        1981
        1976
        1981
        1976
        1984
        1981
        1986
        1984
        1980
        1977
        1983
        1972
        1974
        1980
        1983
        1985
        1981
        1983
        1986
        1976
        1982
        1979
        1981
        1988
        1984
        1981
        1980
        1980
        1980
        1977
        1992
        1976
        1980
        1988
        1978
        1976
        1986
        1983
        1978
        1983
        1985
        1974
        1977
        1980
        1981
        1976
        1974
        1986
        1983
        1982
        1978
        1977
        1976
        1979
        1989
        1975
        1976
        1979
        1978
        1983
        1985
        1980
        1985
        1985
        1979
        1980
        1986
        1981
        1983
        1984
        1986
        1981
        1979
        1983
        1984
        1979
        1979
        1970
        1981
        1987
        1981
        1982
        1973
        1971
        1985
        1979
        1985
        1989
        1993
        1982
        1987
        1977
        1984
        1982
        1981
        1986
        1982
        1971
        1984
        1983
        1985
        1989
        1984
        1981
        1987
        1975
        1978
        1981
        1982
        1982
        1982
        1986
        1975
        1990
        1984
        1981
        1984
        1969
        1987
        1977
        1980
        1977
        1981
        1978
        1974
        1976
        1981
        1974
        1977
        1986
        1981
        1987
        1984
        1986
        1986
        1982
        1974
        1981
        1984
 all snow melts during flooding
        1983
        1987
        1977
        1979
        1979
        1985
        1978
        1994
        1984
        1982
        1980
        1981
        1980
        1971
        1988
        1981
        1985
        1978
        1975
        1977
        1990
        1984
        1977
        1980
        1979
        1979
        1973
        1986
        1982
        1978
        1988
        1977
        1986
        1990
        1987
        1983
        1977
        1977
        1982
        1980
        1980
        1982
        1985
        1980
        1973
        1975
        1986
        1988
        1976
        1991
        1983
        1984
        1985
        1983
        1975
        1983
        1985
        1982
        1980
        1987
        1988
        1985
        1985
        1982
        1983
        1988
        1983
        1987
        1987
        1982
        1983
        1995
        1987
        1978
        1982
        1988
        1985
        1985
        1982
        1991
        1981
        1982
        1983
        1979
        1989
        1984
        1982
        1986
        1982
        1986
        1985
        1979
        1989
        1991
        1974
        1978
        1985
        1987
        1978
        1983
        1987
        1976
        1988
        1992
        1980
        1982
        1978
        1982
        1976
        1977
        1980
        1989
        1981
        1981
        1986
        1983
        1981
        1987
        1984
        1985
        1979
        1978
        1980
        1986
        1980
        1996
        1989
        1988
        1979
        1983
        1983
        1986
        1984
        1967
        1972
        1975
        1984
        1984
        1975
        1978
        1981
        1978
        1981
        1986
        1979
        1989
        1981
        1988
        1975
        1986
        1983
        1971
        1988
        1988
        1972
        1978
        1992
        1989
        1984
        1984
        1976
        1978
        1978
        1981
        1990
        1983
        1984
        1986
        1986
        1983
        1992
        1983
        1987
        1990
        1977
        1993
        1985
        1984
        1987
        1983
        1983
        1986
        1988
        1974
        1989
        1988
        1976
        1982
        1983
        1986
        1997
        1976
        1983
        1990
        1979
        1980
        1988
        1984
        1987
        1990
        1986
        1974
        1989
        1972
        1983
        1987
        1983
        1980
        1985
        1987
        1990
        1984
        1981
        1989
        1993
        1982
        1982
        1970
        1985
        1982
        1979
        1989
 all snow melts during flooding
        1987
        1985
        1984
        1989
        1981
        1987
        1985
        1990
        1984
        1979
        1991
        1981
        1979
        1993
        1981
        1984
        1980
        1994
        1982
        1978
        1977
        1982
        1982
        1980
        1991
        1985
        1985
        1998
        1987
        1979
        1987
        1977
        1985
        1988
        1980
        1984
        1975
        1988
        1979
        1984
        1979
        1990
        1989
        1991
        1982
        1989
        1986
        1984
        1987
        1985
        1987
        1979
        1984
        1991
        1984
        1989
        1979
        1979
        1988
        1990
        1984
        1976
        1976
        1987
        1984
        1994
        1983
        1991
        1976
        1988
        1985
        1990
        1977
        1988
        1990
        1990
        1986
        1991
        1994
        1992
        1988
        1978
        1999
        1984
        1980
        1995
        1988
        1986
        1984
        1981
        1985
        1986
        1992
        1986
        1985
        1983
        1983
        1982
        1983
        1985
        1973
        1981
        1977
        1977
        1988
        1986
        1985
        1982
        1988
        1992
        1986
        1989
        1991
        1973
        1980
        1982
        1990
        1990
        1989
        1975
        1983
        1986
        1983
        1983
        1982
        1980
        1988
        1985
        1980
        1992
        1987
        1995
        1972
        1988
        1981
        1985
        1990
        1991
        1981
        1985
        1986
        1989
        1992
        2000
        1988
        1983
        1975
        1995
        1985
        1979
        1991
        1981
        1980
        1996
        1991
        1989
        1985
        1993
        1992
        1991
        1978
        1985
        1989
        1980
        1985
        1980
        1984
        1986
        1989
        1978
        1993
        1989
        1987
        1980
        1987
        1987
        1973
        1980
        1980
        1985
        1986
        1985
        1987
        1993
        1986
        1992
        1976
        1990
        1989
        1991
        1989
        1991
        1986
        1996
        1987
        1984
        1982
        1984
        1990
        1993
        1981
        1987
        1977
        1983
        1984
        1986
        1977
        1978
        1989
        1979
        1992
        1991
        1996
        1989
        1982
        1993
        1987
        1977
        1997
        1988
        1983
        1990
        1989
        1986
        1992
        1994
        1983
        1984
        1984
        1984
        1986
        1993
        1992
        1986
        1992
        1987
        1983
        1990
        1971
        1981
        1990
        1994
        1986
        1990
        1982
        1981
        1978
        1978
        1984
        1986
        1981
        1990
        1986
        1982
        1968
        1986
        1987
        1988
        1994
        1982
        1985
        1988
        1997
        1993
        1988
        1981
        1991
        1992
        1992
        1980
        1988
        1994
        1990
        1986
        1987
        1981
        1997
        1986
        1990
        1981
        1987
        1998
        1991
        1976
        1988
        1994
        1974
        1993
        1979
        1992
        1987
        1988
        1981
        1990
        1995
        1990
        1979
        1987
        1974
        1993
        1985
        1981
        1994
        1991
        1981
        1990
        1985
        1993
        1976
        1989
        1993
        1988
        1985
        1983
        1995
        1984
        1991
        1987
        1991
        1982
        1988
        1987
        1991
        1987
        1983
        1985
        1985
        1984
        1985
        1998
        1995
        1991
        1984
        1987
        1973
        1984
        1994
        1980
        1987
        1987
        1998
        1988
        1989
        1978
 all snow melts during flooding
        1999
        1987
        1977
        1993
        1979
        1995
        1993
        1985
        1978
        1983
        1989
        1992
        1982
        1982
        1989
        1991
        1995
        1986
        1978
        1992
        1994
        1991
        1989
        1996
        1983
        1993
        1982
        1974
        1988
        1987
        1989
        1994
        1988
        1995
        1983
        1987
        1991
        1991
        1994
        1991
        1994
        1992
        1989
        1996
        1979
        1988
        1979
        1982
        1988
        1990
        1992
        1999
        1989
        1992
        1982
        1982
        1986
        1981
        1996
        1986
        1992
        1989
        1986
        1988
        1999
        2000
        1992
        1982
        1995
        1988
        1988
        1985
        1982
        1984
        1980
        1996
        1994
        1982
        1986
        1994
        1986
        1988
        1986
        1993
        1980
        1983
        1996
        1984
        1990
        1985
        1989
        1997
        1995
        1988
        1988
        1992
        1988
        1990
        1985
        1977
        1993
        1990
        1994
        1985
        1996
        1992
        1995
        1995
        1986
        1997
        1990
        1992
        1995
        1990
        1992
        1987
        1984
        1992
        2000
        1993
        1989
        1977
        1989
        1988
        1972
        1983
        1988
        1983
        1993
        1981
        1990
        1975
        1997
        1993
        2000
        1989
        1984
        1991
        1990
        1975
        1989
        1980
        1993
        1996
        1979
        1983
        1984
        1993
        1997
        1979
        1990
        1995
        1987
        1978
        1995
        1987
        1989
        1989
        1997
        1979
        1998
        1983
        1987
        1989
        1994
        1996
        1983
        1997
        1980
        1991
        1989
        1983
        1995
        1980
        1987
        1994
        1986
        1998
        1982
        1993
        1996
        1990
        1993
        1991
        1987
        1985
        1996
        1987
        1983
        1991
        1996
        1989
        1989
        1993
        1986
        1974
        1989
        1993
        1983
        1994
        1985
        1991
        1993
        1991
        1983
        1986
        1998
        1994
        1984
        1986
        1981
        1994
        1990
        1987
 all snow melts during flooding
        1990
        1988
        1991
        1975
        1997
        1989
        1989
        1998
        1994
        1981
        1992
        1990
        1991
        1985
        1996
        1994
        1990
        1998
        1999
        1996
        1984
        1991
        1995
        1997
        1984
        1984
        1990
        1998
        1985
        1969
        1990
        1999
        1990
        1996
        1985
        1997
        1988
        1995
        1978
        1988
        1982
        1997
        1994
        1994
        1992
        1988
        1997
        1990
        1991
        1994
        1990
        1999
        1992
        1994
        1995
        1992
        1981
        1988
        1995
        1978
        1984
        1990
        1994
        1980
        1987
        1987
        1988
        1992
        1988
        1992
        1998
        1990
        1995
        1984
        1999
        1976
        1986
        1987
        1980
        1995
        1984
        2000
        1991
        1983
        1992
        1991
        1997
        1999
        1984
        1986
        1980
        1979
        1997
        1990
        1993
        1987
        1995
        1990
        1992
        1989
        1984
        1988
        1981
        1981
        1998
        1985
        1999
        1991
        1984
        1996
        2000
        1976
        1991
        1997
        1991
        1992
        1998
        1998
        1991
        1996
        1986
        1998
        1995
        2000
        1982
        1995
        1991
        1985
        1993
        1995
        1996
        1996
        1985
        1995
        1991
        1982
        1973
        1989
        1986
        1992
        1991
        1989
        1985
        1993
        1989
        1999
        2000
        1993
        1995
        1996
        1986
        1993
        1991
        2000
        1993
        1988
        1989
        1998
        1996
        1991
        1998
        1989
        2000
        1988
        1983
        1999
        1989
        1988
        1993
        1996
        1992
        1992
        1975
        1985
        1993
        1994
        1997
        1991
        1987
        1976
        1998
        1991
        1999
        1985
        1992
        1990
        1999
        1987
        1992
        1982
        1999
        1992
        1989
        1997
        1993
        1979
        1988
        1981
        1996
        1985
        1996
        1992
        1985
        1997
        1984
        1996
        1997
        1986
        1985
        1994
        1996
        2000
        1992
        1979
        1985
        1992
        1981
        1986
        1996
        1987
        1997
        1993
        1994
        1981
        1994
        1982
        1982
        1992
        1999
        1977
        1990
        1994
        1990
        1980
        1990
        1999
        1997
        2000
        1994
        1992
        1986
        1987
        1989
        1997
        1983
        1992
        1986
        1990
        1999
        1994
        1994
        2000
        1987
        1998
        1990
        1993
        2000
        1989
        1983
        1995
        1993
        1990
        2000
        1989
        1992
        1998
        1993
        1992
        1998
        1997
        1993
        1997
        1994
        1993
        1977
        1991
        1998
        1997
        1988
        1993
        1986
        1997
        1990
        1984
        1995
        1988
        1993
        1989
        1998
        1986
        1997
        1993
        2000
        1994
        1995
        2000
        1995
        1986
        1995
        1998
        1987
        1987
        1983
        1993
        1986
        1986
        1985
        2000
        1998
        1988
        1991
        1995
        1986
        1991
        1991
        1982
        1993
        1990
        1999
        1995
        1995
        1993
        1994
        1980
        1999
        1991
        1994
        1996
        1999
        1994
        1990
        1991
        1982
        1988
        1998
        1999
        1970
        1987
        1974
        1998
        1983
        1993
        1998
        1991
        1983
        1980
        1977
        1987
        1993
        1995
        1982
        1994
        1998
        1988
        1994
        1976
        1990
        1994
        1996
        1999
        1992
        1984
        1994
        1998
        1981
        1991
        1978
        1984
        1989
        1994
        1995
        1996
        1996
        1999
        1989
        1996
        1987
        1990
        1999
        1985
        1994
        1987
        1988
        2000
        1996
        1996
        1992
        1991
        1996
        2000
        1992
        2000
        1995
        2000
        1994
        1988
        1987
        1992
        1994
        1999
        1989
        1995
        1987
        1987
        1995
        1997
        1999
        1999
        1999
        1991
        1986
        1992
        1987
        1992
        1996
        1995
        2000
        1994
        1984
        1994
        1978
        1995
        1995
        1997
        1995
        1999
        1992
        1989
        1983
        1993
        1988
        1991
        1989
        2000
        1988
        1996
        1997
        1997
        1997
        1995
        2000
        1992
        1983
        1984
        1990
        1984
        1981
        2000
        1996
        1990
        1995
        1997
        1983
        1997
        1985
        1991
        1997
        1996
        1981
        1989
        1988
        2000
        1992
        1995
        1995
        2000
        1993
        2000
        1985
        1998
        1993
        1996
        1993
        1988
        1986
        1982
        1996
        1997
        1989
        1992
        1990
        1996
        1998
        1988
        1993
        1988
        1996
        2000
        1995
        1978
        1996
        1995
        1993
        1988
        1979
        1994
        1993
        1988
        1987
        1997
        1996
        1998
        1998
        1998
        1977
        1990
        1992
        1993
        1998
        1998
        1989
        1997
        1975
        1990
        1985
        1989
        1997
        1996
        1999
        1984
        1998
        1996
        1991
        1993
        1996
        1991
        1997
        1990
        1994
        1994
        1997
        1992
        1998
        1999
        1994
        1997
        1997
        1989
        1984
        1993
        1985
        1979
        1996
        1985
        1997
        1994
        1986
        1996
        1991
        1990
        1989
        1989
        1994
        1984
        1997
        1986
        1998
        1987
        1999
        1999
        1999
        1999
        1989
        1994
        1995
        1982
        1999
        1982
        1989
        2000
        1998
        1998
        1971
        1994
        1997
        1983
        1993
        1991
        1997
        1989
        1999
        1988
        1998
        1991
        1994
        1997
        1990
        1998
        2000
        1990
        1995
        1980
        1999
        1998
        1998
        1995
        1991
        1992
        1992
        1995
        1993
        1994
        1986
        1997
        1979
        2000
        1998
        1990
        1985
        1998
        1997
        1995
        2000
        1999
        2000
        2000
        2000
        1999
        1999
        1995
        1990
        1992
        1995
        1996
        1991
        1985
        1990
        1999
        1998
        1995
        1986
        1998
        1986
        1978
        1990
        1987
        2000
        1999
        1988
        1990
        1987
        1994
        1995
        1985
        1998
        1999
        2000
        1996
        1992
        1999
        1992
        1990
        1989
        1991
        1991
        1996
        1983
        1980
 all snow melts during flooding
        1998
        1992
        1999
        1996
        1995
        1983
        1999
        1976
        1993
        2000
        1984
        2000
        1994
        1993
        1998
        2000
        1996
        1991
        2000
        1996
        1996
        1997
        1999
        1999
        2000
        1991
        1987
        1996
        1993
        1992
        1986
        1981
        1997
        2000
        1999
        1991
        1995
        2000
        1996
        1991
        1991
        2000
        1986
        1989
        1993
        1987
        1988
        1999
        1997
        1980
        1987
        2000
        1993
        1997
        1988
        1995
        1996
        1992
        1999
        1991
        1993
        1992
        1994
        1986
        2000
        2000
        1990
        1997
        1992
        1997
        1997
        1998
        1994
        1997
        1992
        1984
        1998
        1994
        1979
        1984
        2000
        1996
        1985
        1993
        1997
        1988
        1972
        1981
        2000
        1992
        1998
        1987
        1992
        1992
        1996
        1994
        1998
        1997
        2000
        1994
        1990
        1998
        1994
        1995
        1998
        1987
        1993
        1989
        1993
        1993
        1982
        1988
        1992
        1999
        1998
        1988
        1989
        1999
        1998
        1977
        1991
        1993
        1995
        1997
        1987
        1995
        1998
        1994
        1981
        1999
        1997
        1999
        1998
        1985
        1999
        1989
        1993
        1995
        1993
        1993
        1986
        1999
        1985
        2000
        1995
        1995
        1996
        1994
        2000
        1999
        1988
        1994
        1994
        1991
        1999
        1998
        1993
        1990
        1994
        1988
        1999
        1980
        1982
        1989
        1996
        1990
        1989
        1992
        1996
        2000
        1998
        2000
        1983
        1995
        1999
        1988
        2000
        2000
        1996
        1995
        1997
        1996
        2000
        1994
        1994
        1994
        1996
        1999
        1990
        2000
        1995
        1995
        2000
        1986
 all snow melts during flooding
        1995
        1992
        1982
        1987
        1989
        1994
        1997
        1986
        1999
        1978
        1991
        2000
        1997
        1973
        1989
        1993
        1990
        1991
        1996
        1990
        1996
        1998
        1997
        1997
        2000
        1983
        1995
        1997
        1989
        1995
        1995
        1984
        1996
        1996
        1996
        1981
        2000
        1991
        1998
        1993
        1995
        1987
        1990
        1998
        1992
        1997
        1997
        1994
        1988
        1990
        1998
        1992
        1999
        1987
        1991
        1998
        1991
        1983
        1998
        1996
        1996
        1997
        1996
        1997
        1997
        1999
        1990
        1994
        1996
        1992
        1985
        1998
        1979
        1984
        1998
        1999
        1999
        2000
        1995
        1991
        1993
        1991
        1999
        1988
        1993
        1982
        1999
        1998
        1989
        1992
        1998
        1997
        1997
        1998
        1992
        1997
        2000
        1988
        1974
        1999
        1995
        1997
        2000
        1991
        1984
        1999
        1993
        2000
        2000
        1996
        1986
        1999
        1994
        1992
        1999
        2000
        1992
        1998
        1998
        1999
        1994
        1985
        1998
        1993
        2000
        1989
        1993
        1990
        1996
        1998
        2000
        1989
        1980
        1983
        1992
        2000
        1994
        2000
        1997
        2000
        1993
        1999
        1999
        1995
        1985
        1993
        1999
        1987
        1995
        1994
        1997
        1994
        1990
        1999
        1991
        1986
        1990
        1995
        1993
        1998
        2000
        2000
        1975
        1994
        1996
        2000
        1994
        1996
        1998
        1984
        1995
        2000
        1988
        1981
        1995
        1986
        1991
        1992
        1999
        1996
        1995
        1994
        1987
        1991
        1997
        1999
        1997
        1995
        1996
        1996
        1989
        2000
        1993
        1992
        1985
        1997
        1987
        1996
        1995
        1998
        2000
        1992
        1998
        1988
        1982
        1996
        1976
        1997
        1997
        1990
        1997
        1998
        1994
        1993
        1999
        1996
        1999
        1988
        1986
        1997
        1998
        1993
        1998
        1989
        1998
        1999
        2000
        1991
        1995
        1983
        1997
        1994
        2000
        1999
        1998
        1989
        1999
        1994
        1999
        1977
        2000
        1987
        1990
        1996
        1998
        1992
        1995
        2000
        1999
        2000
        2000
        1995
        1984
        1990
        1991
        1999
        1997
        1988
        1993
        2000
        1996
        1996
        1991
        1978
        2000
        1998
        1992
        1994
        1985
        1997
        1989
        1997
        1999
        1992
        1995
        1993
        1998
        1998
        1990
        1986
        2000
        1979
        1993
        1996
        1999
        1994
        1999
        1991
        2000
        1997
        1994
        1987
        1995
        2000
        1980
        1992
        1998
        1995
        1996
        1988
        1999
        1993
        1996
        1997
        1981
        2000
        1989
        1994
        1997
        1998
        1995
        1998
        1990
        1999
        1982
        1996
        1999
        2000
        1991
        1997
        2000
        1983
        1992
        1998
        1984
        1993
        1999
        2000
        1994
        1985
        1995
        1986
        1996
        1987
        1997
        1998
        1988
        1999
        1989
        2000
        1990
        1991
        1992
        1993
        1994
        1995
        1996
        1997
        1998
        1999
        2000
Note: The following floating-point exceptions are signalling: IEEE_INVALID_FLAG IEEE_DIVIDE_BY_ZERO IEEE_OVERFLOW_FLAG IEEE_UNDERFLOW_FLAG IEEE_DENORMAL
Note: The following floating-point exceptions are signalling: IEEE_INVALID_FLAG IEEE_DIVIDE_BY_ZERO IEEE_OVERFLOW_FLAG IEEE_UNDERFLOW_FLAG IEEE_DENORMAL
Note: The following floating-point exceptions are signalling: IEEE_INVALID_FLAG IEEE_DIVIDE_BY_ZERO IEEE_UNDERFLOW_FLAG IEEE_DENORMAL
Note: The following floating-point exceptions are signalling: IEEE_INVALID_FLAG IEEE_DIVIDE_BY_ZERO IEEE_UNDERFLOW_FLAG IEEE_DENORMAL
Note: The following floating-point exceptions are signalling: IEEE_INVALID_FLAG IEEE_DIVIDE_BY_ZERO IEEE_OVERFLOW_FLAG IEEE_UNDERFLOW_FLAG IEEE_DENORMAL
Note: The following floating-point exceptions are signalling: IEEE_INVALID_FLAG IEEE_DIVIDE_BY_ZERO IEEE_UNDERFLOW_FLAG IEEE_DENORMAL
Note: The following floating-point exceptions are signalling: IEEE_INVALID_FLAG IEEE_DIVIDE_BY_ZERO IEEE_UNDERFLOW_FLAG IEEE_DENORMAL
Note: The following floating-point exceptions are signalling: IEEE_INVALID_FLAG IEEE_DIVIDE_BY_ZERO IEEE_UNDERFLOW_FLAG IEEE_DENORMAL
Note: The following floating-point exceptions are signalling: IEEE_INVALID_FLAG IEEE_DIVIDE_BY_ZERO IEEE_UNDERFLOW_FLAG IEEE_DENORMAL
Note: The following floating-point exceptions are signalling: IEEE_INVALID_FLAG IEEE_DIVIDE_BY_ZERO IEEE_UNDERFLOW_FLAG IEEE_DENORMAL
Note: The following floating-point exceptions are signalling: IEEE_INVALID_FLAG IEEE_DIVIDE_BY_ZERO IEEE_UNDERFLOW_FLAG IEEE_DENORMAL
Note: The following floating-point exceptions are signalling: IEEE_INVALID_FLAG IEEE_DIVIDE_BY_ZERO IEEE_UNDERFLOW_FLAG IEEE_DENORMAL
Note: The following floating-point exceptions are signalling: IEEE_INVALID_FLAG IEEE_DIVIDE_BY_ZERO IEEE_UNDERFLOW_FLAG IEEE_DENORMAL
Note: The following floating-point exceptions are signalling: IEEE_INVALID_FLAG IEEE_DIVIDE_BY_ZERO IEEE_UNDERFLOW_FLAG IEEE_DENORMAL
Note: The following floating-point exceptions are signalling: IEEE_INVALID_FLAG IEEE_DIVIDE_BY_ZERO IEEE_UNDERFLOW_FLAG IEEE_DENORMAL
Note: The following floating-point exceptions are signalling: IEEE_INVALID_FLAG IEEE_DIVIDE_BY_ZERO IEEE_UNDERFLOW_FLAG IEEE_DENORMAL
Note: The following floating-point exceptions are signalling: IEEE_INVALID_FLAG IEEE_DIVIDE_BY_ZERO IEEE_OVERFLOW_FLAG IEEE_UNDERFLOW_FLAG IEEE_DENORMAL
Note: The following floating-point exceptions are signalling: IEEE_INVALID_FLAG IEEE_DIVIDE_BY_ZERO IEEE_OVERFLOW_FLAG IEEE_UNDERFLOW_FLAG IEEE_DENORMAL
Note: The following floating-point exceptions are signalling: IEEE_INVALID_FLAG IEEE_DIVIDE_BY_ZERO IEEE_UNDERFLOW_FLAG IEEE_DENORMAL
Note: The following floating-point exceptions are signalling: IEEE_INVALID_FLAG IEEE_DIVIDE_BY_ZERO IEEE_UNDERFLOW_FLAG IEEE_DENORMAL
Note: The following floating-point exceptions are signalling: IEEE_INVALID_FLAG IEEE_DIVIDE_BY_ZERO IEEE_UNDERFLOW_FLAG IEEE_DENORMAL
Note: The following floating-point exceptions are signalling: IEEE_INVALID_FLAG IEEE_DIVIDE_BY_ZERO IEEE_UNDERFLOW_FLAG IEEE_DENORMAL
Note: The following floating-point exceptions are signalling: IEEE_INVALID_FLAG IEEE_DIVIDE_BY_ZERO IEEE_UNDERFLOW_FLAG IEEE_DENORMAL
Note: The following floating-point exceptions are signalling: IEEE_INVALID_FLAG IEEE_DIVIDE_BY_ZERO IEEE_OVERFLOW_FLAG IEEE_UNDERFLOW_FLAG IEEE_DENORMAL
Note: The following floating-point exceptions are signalling: IEEE_INVALID_FLAG IEEE_DIVIDE_BY_ZERO IEEE_UNDERFLOW_FLAG IEEE_DENORMAL
Note: The following floating-point exceptions are signalling: IEEE_INVALID_FLAG IEEE_DIVIDE_BY_ZERO IEEE_OVERFLOW_FLAG IEEE_UNDERFLOW_FLAG IEEE_DENORMAL
Note: The following floating-point exceptions are signalling: IEEE_INVALID_FLAG IEEE_DIVIDE_BY_ZERO IEEE_UNDERFLOW_FLAG IEEE_DENORMAL
Note: The following floating-point exceptions are signalling: IEEE_INVALID_FLAG IEEE_DIVIDE_BY_ZERO IEEE_OVERFLOW_FLAG IEEE_UNDERFLOW_FLAG IEEE_DENORMAL
Note: The following floating-point exceptions are signalling: IEEE_INVALID_FLAG IEEE_DIVIDE_BY_ZERO IEEE_UNDERFLOW_FLAG IEEE_DENORMAL
Note: The following floating-point exceptions are signalling: IEEE_INVALID_FLAG IEEE_DIVIDE_BY_ZERO IEEE_UNDERFLOW_FLAG IEEE_DENORMAL
Note: The following floating-point exceptions are signalling: IEEE_INVALID_FLAG IEEE_DIVIDE_BY_ZERO IEEE_UNDERFLOW_FLAG IEEE_DENORMAL
Note: The following floating-point exceptions are signalling: IEEE_INVALID_FLAG IEEE_DIVIDE_BY_ZERO IEEE_OVERFLOW_FLAG IEEE_UNDERFLOW_FLAG IEEE_DENORMAL
Note: The following floating-point exceptions are signalling: IEEE_INVALID_FLAG IEEE_DIVIDE_BY_ZERO IEEE_UNDERFLOW_FLAG IEEE_DENORMAL
Note: The following floating-point exceptions are signalling: IEEE_INVALID_FLAG IEEE_DIVIDE_BY_ZERO IEEE_UNDERFLOW_FLAG IEEE_DENORMAL
Note: The following floating-point exceptions are signalling: IEEE_INVALID_FLAG IEEE_DIVIDE_BY_ZERO IEEE_UNDERFLOW_FLAG IEEE_DENORMAL
Note: The following floating-point exceptions are signalling: IEEE_INVALID_FLAG IEEE_DIVIDE_BY_ZERO IEEE_UNDERFLOW_FLAG IEEE_DENORMAL
Note: The following floating-point exceptions are signalling: IEEE_INVALID_FLAG IEEE_DIVIDE_BY_ZERO IEEE_UNDERFLOW_FLAG IEEE_DENORMAL
Note: The following floating-point exceptions are signalling: IEEE_INVALID_FLAG IEEE_DIVIDE_BY_ZERO IEEE_UNDERFLOW_FLAG IEEE_DENORMAL
Note: The following floating-point exceptions are signalling: IEEE_INVALID_FLAG IEEE_DIVIDE_BY_ZERO IEEE_UNDERFLOW_FLAG IEEE_DENORMAL
Note: The following floating-point exceptions are signalling: IEEE_INVALID_FLAG IEEE_DIVIDE_BY_ZERO IEEE_UNDERFLOW_FLAG IEEE_DENORMAL
Note: The following floating-point exceptions are signalling: IEEE_INVALID_FLAG IEEE_DIVIDE_BY_ZERO IEEE_UNDERFLOW_FLAG IEEE_DENORMAL
Note: The following floating-point exceptions are signalling: IEEE_INVALID_FLAG IEEE_DIVIDE_BY_ZERO IEEE_UNDERFLOW_FLAG IEEE_DENORMAL
Note: The following floating-point exceptions are signalling: IEEE_INVALID_FLAG IEEE_DIVIDE_BY_ZERO IEEE_UNDERFLOW_FLAG IEEE_DENORMAL
Note: The following floating-point exceptions are signalling: IEEE_INVALID_FLAG IEEE_DIVIDE_BY_ZERO IEEE_UNDERFLOW_FLAG IEEE_DENORMAL
Note: The following floating-point exceptions are signalling: IEEE_INVALID_FLAG IEEE_DIVIDE_BY_ZERO IEEE_UNDERFLOW_FLAG IEEE_DENORMAL
Note: The following floating-point exceptions are signalling: IEEE_INVALID_FLAG IEEE_DIVIDE_BY_ZERO IEEE_UNDERFLOW_FLAG IEEE_DENORMAL
Note: The following floating-point exceptions are signalling: IEEE_INVALID_FLAG IEEE_DIVIDE_BY_ZERO IEEE_UNDERFLOW_FLAG IEEE_DENORMAL
Note: The following floating-point exceptions are signalling: IEEE_INVALID_FLAG IEEE_DIVIDE_BY_ZERO IEEE_UNDERFLOW_FLAG IEEE_DENORMAL
Note: The following floating-point exceptions are signalling: IEEE_INVALID_FLAG IEEE_DIVIDE_BY_ZERO IEEE_UNDERFLOW_FLAG IEEE_DENORMAL
Note: The following floating-point exceptions are signalling: IEEE_INVALID_FLAG IEEE_DIVIDE_BY_ZERO IEEE_UNDERFLOW_FLAG IEEE_DENORMAL
Note: The following floating-point exceptions are signalling: IEEE_INVALID_FLAG IEEE_DIVIDE_BY_ZERO IEEE_UNDERFLOW_FLAG IEEE_DENORMAL
Note: The following floating-point exceptions are signalling: IEEE_INVALID_FLAG IEEE_DIVIDE_BY_ZERO IEEE_OVERFLOW_FLAG IEEE_UNDERFLOW_FLAG IEEE_DENORMAL
Note: The following floating-point exceptions are signalling: IEEE_INVALID_FLAG IEEE_DIVIDE_BY_ZERO IEEE_OVERFLOW_FLAG IEEE_UNDERFLOW_FLAG IEEE_DENORMAL
Note: The following floating-point exceptions are signalling: IEEE_INVALID_FLAG IEEE_DIVIDE_BY_ZERO IEEE_UNDERFLOW_FLAG IEEE_DENORMAL
Note: The following floating-point exceptions are signalling: IEEE_INVALID_FLAG IEEE_DIVIDE_BY_ZERO IEEE_UNDERFLOW_FLAG IEEE_DENORMAL
Note: The following floating-point exceptions are signalling: IEEE_INVALID_FLAG IEEE_DIVIDE_BY_ZERO IEEE_UNDERFLOW_FLAG IEEE_DENORMAL
Note: The following floating-point exceptions are signalling: IEEE_INVALID_FLAG IEEE_DIVIDE_BY_ZERO IEEE_UNDERFLOW_FLAG IEEE_DENORMAL
Note: The following floating-point exceptions are signalling: IEEE_INVALID_FLAG IEEE_DIVIDE_BY_ZERO IEEE_UNDERFLOW_FLAG IEEE_DENORMAL
Note: The following floating-point exceptions are signalling: IEEE_INVALID_FLAG IEEE_DIVIDE_BY_ZERO IEEE_OVERFLOW_FLAG IEEE_UNDERFLOW_FLAG IEEE_DENORMAL
Note: The following floating-point exceptions are signalling: IEEE_INVALID_FLAG IEEE_DIVIDE_BY_ZERO IEEE_UNDERFLOW_FLAG IEEE_DENORMAL
Note: The following floating-point exceptions are signalling: IEEE_INVALID_FLAG IEEE_DIVIDE_BY_ZERO IEEE_OVERFLOW_FLAG IEEE_UNDERFLOW_FLAG IEEE_DENORMAL
Note: The following floating-point exceptions are signalling: IEEE_INVALID_FLAG IEEE_DIVIDE_BY_ZERO IEEE_UNDERFLOW_FLAG IEEE_DENORMAL
Note: The following floating-point exceptions are signalling: IEEE_INVALID_FLAG IEEE_DIVIDE_BY_ZERO IEEE_OVERFLOW_FLAG IEEE_UNDERFLOW_FLAG IEEE_DENORMAL
Note: The following floating-point exceptions are signalling: IEEE_INVALID_FLAG IEEE_DIVIDE_BY_ZERO IEEE_UNDERFLOW_FLAG IEEE_DENORMAL
Note: The following floating-point exceptions are signalling: IEEE_INVALID_FLAG IEEE_DIVIDE_BY_ZERO IEEE_OVERFLOW_FLAG IEEE_UNDERFLOW_FLAG IEEE_DENORMAL
Note: The following floating-point exceptions are signalling: IEEE_INVALID_FLAG IEEE_DIVIDE_BY_ZERO IEEE_UNDERFLOW_FLAG IEEE_DENORMAL
Note: The following floating-point exceptions are signalling: IEEE_INVALID_FLAG IEEE_DIVIDE_BY_ZERO IEEE_UNDERFLOW_FLAG IEEE_DENORMAL
Note: The following floating-point exceptions are signalling: IEEE_INVALID_FLAG IEEE_DIVIDE_BY_ZERO IEEE_UNDERFLOW_FLAG IEEE_DENORMAL
Note: The following floating-point exceptions are signalling: IEEE_INVALID_FLAG IEEE_DIVIDE_BY_ZERO IEEE_UNDERFLOW_FLAG IEEE_DENORMAL
Note: The following floating-point exceptions are signalling: IEEE_INVALID_FLAG IEEE_DIVIDE_BY_ZERO IEEE_UNDERFLOW_FLAG IEEE_DENORMAL
Note: The following floating-point exceptions are signalling: IEEE_INVALID_FLAG IEEE_DIVIDE_BY_ZERO IEEE_UNDERFLOW_FLAG IEEE_DENORMAL
Note: The following floating-point exceptions are signalling: IEEE_INVALID_FLAG IEEE_DIVIDE_BY_ZERO IEEE_UNDERFLOW_FLAG IEEE_DENORMAL
Note: The following floating-point exceptions are signalling: IEEE_INVALID_FLAG IEEE_DIVIDE_BY_ZERO IEEE_UNDERFLOW_FLAG IEEE_DENORMAL
Note: The following floating-point exceptions are signalling: IEEE_INVALID_FLAG IEEE_DIVIDE_BY_ZERO IEEE_OVERFLOW_FLAG IEEE_UNDERFLOW_FLAG IEEE_DENORMAL
Note: The following floating-point exceptions are signalling: IEEE_INVALID_FLAG IEEE_DIVIDE_BY_ZERO IEEE_UNDERFLOW_FLAG IEEE_DENORMAL
Note: The following floating-point exceptions are signalling: IEEE_INVALID_FLAG IEEE_DIVIDE_BY_ZERO IEEE_UNDERFLOW_FLAG IEEE_DENORMAL
Note: The following floating-point exceptions are signalling: IEEE_INVALID_FLAG IEEE_DIVIDE_BY_ZERO IEEE_OVERFLOW_FLAG IEEE_UNDERFLOW_FLAG IEEE_DENORMAL
Note: The following floating-point exceptions are signalling: IEEE_INVALID_FLAG IEEE_DIVIDE_BY_ZERO IEEE_UNDERFLOW_FLAG IEEE_DENORMAL
Note: The following floating-point exceptions are signalling: IEEE_INVALID_FLAG IEEE_DIVIDE_BY_ZERO IEEE_UNDERFLOW_FLAG IEEE_DENORMAL
Note: The following floating-point exceptions are signalling: IEEE_INVALID_FLAG IEEE_DIVIDE_BY_ZERO IEEE_UNDERFLOW_FLAG IEEE_DENORMAL
Note: The following floating-point exceptions are signalling: IEEE_INVALID_FLAG IEEE_DIVIDE_BY_ZERO IEEE_OVERFLOW_FLAG IEEE_UNDERFLOW_FLAG IEEE_DENORMAL
Note: The following floating-point exceptions are signalling: IEEE_INVALID_FLAG IEEE_DIVIDE_BY_ZERO IEEE_UNDERFLOW_FLAG IEEE_DENORMAL
Note: The following floating-point exceptions are signalling: IEEE_INVALID_FLAG IEEE_DIVIDE_BY_ZERO IEEE_UNDERFLOW_FLAG IEEE_DENORMAL
Note: The following floating-point exceptions are signalling: IEEE_INVALID_FLAG IEEE_DIVIDE_BY_ZERO IEEE_UNDERFLOW_FLAG IEEE_DENORMAL
Note: The following floating-point exceptions are signalling: IEEE_INVALID_FLAG IEEE_DIVIDE_BY_ZERO IEEE_UNDERFLOW_FLAG IEEE_DENORMAL
Note: The following floating-point exceptions are signalling: IEEE_INVALID_FLAG IEEE_DIVIDE_BY_ZERO IEEE_UNDERFLOW_FLAG IEEE_DENORMAL
Note: The following floating-point exceptions are signalling: IEEE_INVALID_FLAG IEEE_DIVIDE_BY_ZERO IEEE_UNDERFLOW_FLAG IEEE_DENORMAL
Note: The following floating-point exceptions are signalling: IEEE_INVALID_FLAG IEEE_DIVIDE_BY_ZERO IEEE_UNDERFLOW_FLAG IEEE_DENORMAL
Note: The following floating-point exceptions are signalling: IEEE_INVALID_FLAG IEEE_DIVIDE_BY_ZERO IEEE_UNDERFLOW_FLAG IEEE_DENORMAL
Note: The following floating-point exceptions are signalling: IEEE_INVALID_FLAG IEEE_DIVIDE_BY_ZERO IEEE_UNDERFLOW_FLAG IEEE_DENORMAL
Note: The following floating-point exceptions are signalling: IEEE_INVALID_FLAG IEEE_DIVIDE_BY_ZERO IEEE_UNDERFLOW_FLAG IEEE_DENORMAL
Note: The following floating-point exceptions are signalling: IEEE_INVALID_FLAG IEEE_DIVIDE_BY_ZERO IEEE_UNDERFLOW_FLAG IEEE_DENORMAL
Note: The following floating-point exceptions are signalling: IEEE_INVALID_FLAG IEEE_DIVIDE_BY_ZERO IEEE_UNDERFLOW_FLAG IEEE_DENORMAL
Note: The following floating-point exceptions are signalling: IEEE_INVALID_FLAG IEEE_DIVIDE_BY_ZERO IEEE_UNDERFLOW_FLAG IEEE_DENORMAL
Note: The following floating-point exceptions are signalling: IEEE_INVALID_FLAG IEEE_DIVIDE_BY_ZERO IEEE_UNDERFLOW_FLAG IEEE_DENORMAL
Note: The following floating-point exceptions are signalling: IEEE_INVALID_FLAG IEEE_DIVIDE_BY_ZERO IEEE_OVERFLOW_FLAG IEEE_UNDERFLOW_FLAG IEEE_DENORMAL
Note: The following floating-point exceptions are signalling: IEEE_INVALID_FLAG IEEE_DIVIDE_BY_ZERO IEEE_UNDERFLOW_FLAG IEEE_DENORMAL
Note: The following floating-point exceptions are signalling: IEEE_INVALID_FLAG IEEE_DIVIDE_BY_ZERO IEEE_UNDERFLOW_FLAG IEEE_DENORMAL
Note: The following floating-point exceptions are signalling: IEEE_INVALID_FLAG IEEE_DIVIDE_BY_ZERO IEEE_UNDERFLOW_FLAG IEEE_DENORMAL
